1.02100000000000
1.02755000000000
1.03410000000000
1.04065000000000
1.04720000000000
1.05375000000000
1.06030000000000
1.06685000000000
1.07341000000000
1.07996000000000
1.08651000000000
1.09307000000000
1.09962000000000
1.10617000000000
1.11273000000000
1.11928000000000
1.12584000000000
1.13239000000000
1.13895000000000
1.14551000000000
1.15206000000000
1.15862000000000
1.16518000000000
1.17173000000000
1.17829000000000
1.18485000000000
1.19141000000000
1.19797000000000
1.20453000000000
1.21109000000000
1.21765000000000
1.22421000000000
1.23077000000000
1.23733000000000
1.24389000000000
1.25045000000000
1.25701000000000
1.26357000000000
1.27014000000000
1.27670000000000
1.28326000000000
1.28983000000000
1.29639000000000
1.30295000000000
1.30952000000000
1.31608000000000
1.32265000000000
1.32921000000000
1.33578000000000
1.34234000000000
1.34891000000000
1.35548000000000
1.36205000000000
1.36861000000000
1.37518000000000
1.38175000000000
1.38832000000000
1.39489000000000
1.40145000000000
1.40802000000000
1.41459000000000
1.42116000000000
1.42773000000000
1.43431000000000
1.44088000000000
1.44745000000000
1.45402000000000
1.46059000000000
1.46716000000000
1.47374000000000
1.48031000000000
1.48688000000000
1.49346000000000
1.50003000000000
1.50661000000000
1.51318000000000
1.51976000000000
1.52633000000000
1.53291000000000
1.53948000000000
1.54606000000000
1.55264000000000
1.55921000000000
1.56579000000000
1.57237000000000
1.57895000000000
1.58552000000000
1.59210000000000
1.59868000000000
1.60526000000000
1.61184000000000
1.61842000000000
1.62500000000000
1.63158000000000
1.63816000000000
1.64474000000000
1.65133000000000
1.65791000000000
1.66449000000000
1.67107000000000
1.67766000000000
1.68424000000000
1.69082000000000
1.69741000000000
1.70399000000000
1.71058000000000
1.71716000000000
1.72375000000000
1.73033000000000
1.73692000000000
1.74351000000000
1.75009000000000
1.75668000000000
1.76327000000000
1.76985000000000
1.77644000000000
1.78303000000000
1.78962000000000
1.79621000000000
1.80280000000000
1.80939000000000
1.81598000000000
1.82257000000000
1.82916000000000
1.83575000000000
1.84234000000000
1.84893000000000
1.85552000000000
1.86212000000000
1.86871000000000
1.87530000000000
1.88190000000000
1.88849000000000
1.89508000000000
1.90168000000000
1.90827000000000
1.91487000000000
1.92146000000000
1.92806000000000
1.93465000000000
1.94125000000000
1.94785000000000
1.95444000000000
1.96104000000000
1.96764000000000
1.97424000000000
1.98084000000000
1.98743000000000
1.99403000000000
2.00063000000000
2.00723000000000
2.01383000000000
2.02043000000000
2.02703000000000
2.03363000000000
2.04024000000000
2.04684000000000
2.05344000000000
2.06004000000000
2.06664000000000
2.07325000000000
2.07985000000000
2.08645000000000
2.09306000000000
2.09966000000000
2.10627000000000
2.11287000000000
2.11948000000000
2.12608000000000
2.13269000000000
2.13930000000000
2.14590000000000
2.15251000000000
2.15912000000000
2.16572000000000
2.17233000000000
2.17894000000000
2.18555000000000
2.19216000000000
2.19877000000000
2.20538000000000
2.21199000000000
2.21860000000000
2.22521000000000
2.23182000000000
2.23843000000000
2.24504000000000
2.25165000000000
2.25827000000000
2.26488000000000
2.27149000000000
2.27810000000000
2.28472000000000
2.29133000000000
2.29795000000000
2.30456000000000
2.31118000000000
2.31779000000000
2.32441000000000
2.33102000000000
2.33764000000000
2.34426000000000
2.35087000000000
2.35749000000000
2.36411000000000
2.37072000000000
2.37734000000000
2.38396000000000
2.39058000000000
2.39720000000000
2.40382000000000
2.41044000000000
2.41706000000000
2.42368000000000
2.43030000000000
2.43692000000000
2.44354000000000
2.45017000000000
2.45679000000000
2.46341000000000
2.47003000000000
2.47666000000000
2.48328000000000
2.48990000000000
2.49653000000000
2.50312000000000
2.50972000000000
2.51632000000000
2.52292000000000
2.52951000000000
2.53611000000000
2.54271000000000
2.54931000000000
2.55591000000000
2.56251000000000
2.56911000000000
2.57571000000000
2.58231000000000
2.58891000000000
2.59551000000000
2.60212000000000
2.60872000000000
2.61532000000000
2.62192000000000
2.62853000000000
2.63513000000000
2.64174000000000
2.64834000000000
2.80697000000000
2.81358000000000
2.82020000000000
2.82681000000000
2.83343000000000
2.84004000000000
2.84666000000000
2.85328000000000
2.85989000000000
2.86651000000000
2.87313000000000
2.87975000000000
2.88636000000000
2.89298000000000
2.89960000000000
2.90622000000000
2.91284000000000
2.91946000000000
2.92608000000000
2.93270000000000
2.93932000000000
2.94595000000000
2.95257000000000
2.95919000000000
2.96581000000000
2.97244000000000
2.97906000000000
2.98568000000000
2.99231000000000
2.99893000000000
3.00556000000000
3.01218000000000
3.01881000000000
3.02544000000000
3.03206000000000
3.03869000000000
3.04532000000000
3.05195000000000
3.05857000000000
3.06520000000000
3.07183000000000
3.07846000000000
3.08509000000000
3.09172000000000
3.09835000000000
3.10498000000000
3.11161000000000
3.11825000000000
3.12488000000000
3.13151000000000
3.13814000000000
3.14478000000000
3.15141000000000
3.15804000000000
3.16468000000000
3.17131000000000
3.17795000000000
3.18458000000000
3.19122000000000
3.19785000000000
3.20449000000000
3.21113000000000
3.21776000000000
3.22440000000000
3.23104000000000
3.23768000000000
3.24432000000000
3.25096000000000
3.25760000000000
3.26424000000000
3.27088000000000
3.27752000000000
3.28416000000000
3.29080000000000
3.29744000000000
3.30408000000000
3.31073000000000
3.31737000000000
3.32401000000000
3.33066000000000
3.33730000000000
3.34395000000000
3.35059000000000
3.35724000000000
3.36388000000000
3.37053000000000
3.37717000000000
3.38382000000000
3.39047000000000
3.39712000000000
3.40376000000000
3.41041000000000
3.41706000000000
3.42371000000000
3.43036000000000
3.43701000000000
3.44366000000000
3.45031000000000
3.45696000000000
3.46361000000000
3.47026000000000
3.47692000000000
